
Havana Nights
Night
7
44
7
0.55
1.25
100
0.7
105
1.25
150
1.25
60
0.7
80
0.55
55
1.3
150
San Jose Speedway
Asphalt
6
50
6
0.75
1.5
120
0.75
120
0.75
120
1.5
120
0.75
120
0.75
120
King Felipe Track in Madrid
Asphalt
6
50
8
0.3
0.75
160
0.6
85
0.6
110
0.6
40
1.3
135
0.6
90
0.75
95
0.9
135
Tower Bridge Tour
City
5
60
15
0.15
0.5
90
0.5
160
0.6
100
0.05
135
0.3
120
0.15
105
0.45
160
0.15
100
0.2
115
0.2
100
1.0
120
0.2
95
0.2
130
0.35
160
0.15
160
Mansa Musa's Golden Road in Timbuktu
Desert
7
47
15
0.25
0.65
130
0.65
125
0.5
110
0.5
145
0.5
135
0.1
100
0.1
100
0.1
140
0.6
100
0.7
140
0.6
100
0.5
140
0.5
135
0.5
120
0.5
110
Karachi Raceway
Asphalt
6
50
8
0.3
0.9
130
1.0
40
0.9
35
1.2
140
0.7
115
0.6
70
0.4
125
0.3
80
Syngman Rhee Raceway in Seoul
Asphalt
6
50
8
0.4
1.1
80
0.7
135
0.8
75
1.0
90
0.5
120
0.6
90
0.55
140
0.75
70
KC25
Asphalt
12
25
4
1.0
4.0
90
2.0
90
4.0
90
2.0
90
Paul Bunyan's Circuit in Buffalo
Dirt
6
50
11
0.2
1.0
150
0.6
70
0.7
90
0.1
110
0.4
110
1.1
90
0.15
135
0.3
40
0.75
45
0.4
135
0.5
85
Kylian Johansen Coliseum in LV
Desert
6
55
13
0.4
1.2
130
0.2
70
0.7
165
0.6
85
0.3
90
0.5
135
0.3
135
0.25
135
0.25
135
0.4
95
0.5
105
0.4
90
0.4
105