
Miami Sun Run
Asphalt
4
76
4
0.6
1.25
90
0.75
90
1.25
90
0.75
90
Montevideo Raceway
Asphalt
6
50
8
0.4
1.1
60
0.4
100
0.65
160
0.65
95
0.75
95
0.8
170
0.65
150
1.0
90
Lisbon Speedway
Asphalt
6
50
5
1.0
1.5
65
0.75
140
1.0
70
0.75
110
2.0
75
Tour de Paris
City
10
28
18
0.1
0.2
90
1.45
90
1.45
90
0.5
90
0.5
90
0.5
90
0.5
90
1.1
90
0.85
90
1.15
90
0.2
90
0.35
90
0.4
90
0.3
90
0.1
90
0.3
90
0.1
90
1.0
90
Bucharest Raceway
Dirt
8
40
11
0.75
1.5
105
0.4
105
1.0
85
1.0
80
0.7
150
0.6
100
0.25
110
0.25
105
0.25
130
0.25
110
1.8
80
Florence Circuit
City
9
37
16
0.5
1.0
90
0.3
90
0.2
90
0.3
90
0.7
90
0.7
90
0.4
90
0.3
90
0.4
90
0.4
90
1.1
120
0.5
120
1.2
90
0.4
90
0.3
90
0.7
90
Riyadh Raceway
Desert
6
50
8
0.45
0.9
120
0.5
130
0.5
155
0.8
105
1.0
45
0.8
120
0.75
140
0.75
95
Sydney Snakepit
Dirt
8
35
11
1.1
1.4
120
0.9
80
1.0
150
0.9
60
0.65
95
0.5
50
0.6
20
0.65
80
0.6
105
0.7
80
0.2
100
Tokyo Nights
Night
7
44
8
0.8
1.4
135
0.7
130
0.7
115
0.8
130
0.7
100
0.9
130
1.4
75
1.4
75
Las Vegas Premiere
Desert
7
51
12
0.6
1.6
90
0.25
60
0.4
120
0.6
120
0.4
60
0.25
105
0.4
165
0.8
100
0.3
65
0.5
105
1.0
60
0.5
130